C:\Users\rayya\Python\Python36-32\python.exe "C:/Users/rayya/Desktop/AI/1 slider puzzle/slider lab 5 A-star improvements/10-24 improvements/AstarUPDATEreduced.py"
720
a_bcdefghijklmno : 1 TIME: 0.0s SEQUENCE: [1, 0]
aebcd_fghijklmno : 2 TIME: 0.0s SEQUENCE: [5, 1, 0]
dabcef_ghijklmno : 3 TIME: 0.0s SEQUENCE: [6, 5, 4, 0]
dabchefgij_klmno : 4 TIME: 0.0s SEQUENCE: [10, 9, 8, 4, 0]
dbfcea_ghijklmno : 5 TIME: 0.0s SEQUENCE: [6, 2, 1, 5, 4, 0]
aebcdifg_mjkhlno : 6 TIME: 0.0s SEQUENCE: [8, 12, 13, 9, 5, 1, 0]
dabceifghmj_lnok : 7 TIME: 0.0s SEQUENCE: [11, 15, 14, 13, 9, 5, 4, 0]
dabchefgij_nlmok : 8 TIME: 0.0s SEQUENCE: [10, 11, 15, 14, 10, 9, 8, 4, 0]
d_bceafghimklnjo : 9 TIME: 0.0s SEQUENCE: [1, 5, 9, 10, 14, 13, 9, 5, 4, 0]
dabchef_ijoglmkn : 10 TIME: 0.0s SEQUENCE: [7, 11, 10, 14, 15, 11, 10, 9, 8, 4, 0]
abc_dekghifolmjn : 11 TIME: 0.0s SEQUENCE: [3, 7, 6, 10, 14, 15, 11, 7, 3, 2, 1, 0]
dbfceiak_hgjlmno : 12 TIME: 0.0s SEQUENCE: [8, 9, 5, 6, 10, 11, 7, 6, 2, 1, 5, 4, 0]
dacghbeflijkmn_o : 13 TIME: 0.0s SEQUENCE: [14, 13, 12, 8, 4, 0, 1, 5, 6, 7, 3, 2, 1, 0]
hdagf_cbiejklmno : 14 TIME: 0.001s SEQUENCE: [5, 4, 0, 1, 2, 6, 7, 3, 2, 6, 5, 9, 8, 4, 0]
abcedifghmj_lnok : 15 TIME: 0.001s SEQUENCE: [11, 7, 3, 2, 6, 7, 11, 15, 14, 13, 9, 5, 6, 2, 1, 0]
dacgeifbhk_oljmn : 16 TIME: 0.001s SEQUENCE: [10, 9, 13, 14, 15, 11, 10, 6, 7, 3, 2, 6, 10, 9, 5, 4, 0]
ieacdmbghfjkln_o : 17 TIME: 0.002s SEQUENCE: [14, 10, 9, 5, 1, 0, 4, 5, 1, 2, 6, 10, 14, 13, 9, 5, 4, 0]
abkchdg_ifejlmno : 18 TIME: 0.003s SEQUENCE: [7, 6, 2, 3, 7, 6, 10, 9, 8, 4, 5, 6, 10, 11, 7, 3, 2, 1, 0]
aficdb_gehjolmkn : 19 TIME: 0.003s SEQUENCE: [6, 10, 14, 15, 11, 10, 6, 5, 1, 2, 6, 5, 1, 0, 4, 8, 9, 5, 4, 0]
ibfcadjgehonl_mk : 20 TIME: 0.001s SEQUENCE: [13, 14, 10, 11, 15, 14, 10, 6, 2, 1, 5, 4, 0, 1, 5, 4, 8, 9, 5, 4, 0]
ejbcai_fmhkgdlno : 21 TIME: 0.002s SEQUENCE: [6, 5, 9, 8, 12, 13, 9, 5, 1, 0, 4, 8, 9, 5, 6, 7, 11, 10, 9, 5, 1, 0]
eb_cadkghfjmlnio : 22 TIME: 0.005s SEQUENCE: [2, 3, 7, 6, 10, 11, 7, 3, 2, 1, 0, 4, 5, 9, 10, 14, 13, 9, 10, 6, 5, 1, 0]
dbcfeaimlhjg_nok : 23 TIME: 0.002s SEQUENCE: [12, 8, 9, 10, 6, 7, 3, 2, 1, 5, 6, 10, 9, 5, 6, 7, 11, 15, 14, 13, 9, 5, 4, 0]
_abcdefgijmohlkn : 24 TIME: 0.056s SEQUENCE: [0, 1, 5, 6, 10, 14, 15, 11, 10, 9, 8, 12, 13, 14, 10, 6, 5, 9, 10, 14, 13, 9, 5, 1, 0]
f_jcaibgemdkhlno : 25 TIME: 0.028s SEQUENCE: [1, 0, 4, 8, 12, 13, 9, 5, 6, 2, 1, 5, 4, 8, 9, 10, 6, 2, 1, 5, 9, 8, 4, 5, 1, 0]
badcfegkhi_nlmoj : 26 TIME: 0.065s SEQUENCE: [10, 11, 15, 14, 10, 11, 7, 6, 5, 1, 0, 4, 5, 1, 2, 6, 5, 1, 0, 4, 5, 1, 2, 6, 5, 1, 0]
iabcndhfejkglm_o : 27 TIME: 0.043s SEQUENCE: [14, 13, 9, 5, 4, 8, 9, 5, 6, 7, 11, 10, 9, 13, 14, 10, 9, 5, 4, 0, 1, 5, 4, 8, 9, 5, 1, 0]
ah_gdecklbjfimno : 28 TIME: 0.116s SEQUENCE: [2, 6, 5, 1, 0, 4, 8, 12, 13, 14, 10, 9, 8, 4, 5, 6, 10, 11, 7, 3, 2, 6, 10, 14, 13, 12, 8, 4, 0]
dgbalhfcmeojin_k : 29 TIME: 0.05s SEQUENCE: [14, 10, 6, 2, 1, 5, 6, 2, 3, 7, 6, 5, 1, 2, 6, 10, 11, 15, 14, 13, 12, 8, 4, 5, 9, 13, 12, 8, 4, 0]
ac_kifgbdnmjehlo : 30 TIME: 0.037s SEQUENCE: [2, 6, 7, 3, 2, 1, 5, 4, 8, 12, 13, 14, 10, 9, 5, 1, 0, 4, 8, 12, 13, 14, 10, 11, 7, 3, 2, 6, 5, 4, 0]
afb_degcmojkhiln : 31 TIME: 0.868s SEQUENCE: [3, 7, 6, 10, 9, 5, 1, 2, 3, 7, 11, 10, 6, 5, 9, 13, 14, 15, 11, 7, 3, 2, 1, 5, 9, 8, 12, 13, 9, 5, 1, 0]
edbcn_mijlgfahok : 32 TIME: 0.007s SEQUENCE: [5, 4, 8, 12, 13, 9, 5, 4, 8, 12, 13, 9, 5, 6, 7, 11, 10, 9, 5, 6, 7, 11, 15, 14, 13, 9, 5, 1, 0, 4, 5, 1, 0]
efckgdajlmbh_noi : 33 TIME: 0.013s SEQUENCE: [12, 8, 4, 5, 6, 10, 11, 15, 14, 13, 9, 8, 4, 5, 9, 10, 11, 7, 3, 2, 6, 5, 1, 0, 4, 8, 9, 10, 11, 7, 6, 5, 1, 0]
dgkehabc_lfnjimo : 34 TIME: 0.404s SEQUENCE: [8, 12, 13, 9, 10, 11, 7, 6, 2, 1, 5, 9, 8, 12, 13, 14, 10, 6, 2, 3, 7, 11, 10, 9, 8, 4, 0, 1, 2, 3, 7, 6, 5, 1, 0]
fiebda_conkghlmj : 35 TIME: 1.511s SEQUENCE: [6, 10, 9, 8, 4, 5, 1, 0, 4, 8, 12, 13, 14, 10, 9, 5, 1, 2, 3, 7, 11, 10, 6, 5, 9, 13, 14, 15, 11, 10, 14, 13, 9, 5, 1, 0]
gcbfaehkdi_jlnmo : 36 TIME: 9.096s SEQUENCE: [10, 9, 13, 14, 10, 6, 2, 1, 0, 4, 8, 12, 13, 9, 10, 14, 13, 12, 8, 9, 5, 6, 2, 1, 5, 9, 10, 11, 7, 6, 2, 3, 7, 6, 2, 1, 0]
fibealdkjcnghm_o : 37 TIME: 1.191s SEQUENCE: [14, 10, 9, 5, 1, 2, 6, 10, 14, 13, 9, 8, 12, 13, 14, 10, 11, 7, 6, 10, 9, 5, 1, 2, 3, 7, 6, 5, 1, 0, 4, 5, 1, 2, 6, 5, 1, 0]
ibkfgacndomjlhe_ : 38 TIME: 0.665s SEQUENCE: [15, 14, 10, 9, 13, 14, 10, 11, 7, 6, 2, 1, 5, 4, 0, 1, 2, 3, 7, 6, 5, 4, 8, 9, 10, 11, 15, 14, 10, 11, 7, 6, 10, 9, 5, 6, 2, 1, 0]
bkncaiejd_fmlhgo : 39 TIME: 5.954s SEQUENCE: [9, 10, 11, 7, 3, 2, 1, 0, 4, 5, 6, 2, 3, 7, 6, 2, 1, 5, 9, 13, 14, 10, 6, 5, 4, 8, 9, 13, 14, 10, 9, 5, 6, 10, 11, 7, 6, 5, 1, 0]
mfkcaeogbh_idlnj : 40 TIME: 7.747s SEQUENCE: [10, 6, 2, 1, 0, 4, 5, 1, 2, 3, 7, 6, 5, 4, 8, 12, 13, 14, 10, 6, 5, 4, 8, 9, 10, 11, 15, 14, 13, 9, 10, 11, 7, 3, 2, 1, 5, 6, 2, 1, 0]
kdeb_ajflignmhco : 41 TIME: 10.634s SEQUENCE: [4, 0, 1, 5, 4, 0, 1, 2, 6, 5, 9, 10, 6, 7, 11, 10, 14, 15, 11, 10, 9, 13, 12, 8, 9, 5, 6, 7, 11, 10, 6, 2, 3, 7, 11, 15, 14, 10, 6, 5, 1, 0]
bfagehcn_mokdjil : 42 TIME: 22.004s SEQUENCE: [8, 9, 5, 1, 2, 6, 7, 11, 10, 14, 13, 9, 10, 14, 15, 11, 10, 6, 5, 1, 0, 4, 5, 9, 8, 12, 13, 14, 10, 11, 7, 3, 2, 1, 0, 4, 8, 12, 13, 9, 5, 1, 0]
bifdjcaemlokhn_g : 43 TIME: 9.812s SEQUENCE: [14, 10, 6, 5, 1, 2, 3, 7, 6, 10, 11, 15, 14, 13, 9, 8, 12, 13, 9, 5, 4, 0, 1, 2, 6, 5, 4, 0, 1, 2, 3, 7, 11, 10, 6, 5, 4, 0, 1, 2, 6, 5, 1, 0]
bcndijaghmeol_fk : 44 TIME: 78.19s SEQUENCE: [13, 9, 10, 14, 15, 11, 10, 14, 13, 12, 8, 9, 5, 6, 2, 3, 7, 11, 10, 6, 2, 1, 5, 4, 8, 12, 13, 14, 10, 9, 5, 1, 0, 4, 5, 6, 7, 3, 2, 1, 0, 4, 5, 1, 0]
mkafhiegbdoc_lnj : 45 TIME: 41.715s SEQUENCE: [12, 13, 9, 5, 1, 0, 4, 8, 9, 5, 6, 7, 11, 10, 9, 5, 1, 2, 3, 7, 6, 5, 4, 0, 1, 5, 9, 13, 14, 15, 11, 10, 6, 2, 1, 5, 9, 10, 14, 13, 9, 8, 4, 5, 1, 0]
fikndogclemab_hj : 46 TIME: 3.261s SEQUENCE: [13, 12, 8, 9, 5, 6, 10, 9, 13, 14, 10, 6, 7, 3, 2, 6, 7, 11, 15, 14, 10, 6, 7, 3, 2, 6, 5, 9, 13, 14, 10, 11, 7, 6, 5, 1, 0, 4, 8, 9, 5, 1, 2, 6, 5, 4, 0]
a_cjhlgbfndoikme : 47 TIME: 101.973s SEQUENCE: [1, 0, 4, 5, 9, 8, 4, 5, 9, 10, 6, 7, 3, 2, 6, 5, 9, 13, 14, 15, 11, 10, 14, 13, 12, 8, 4, 0, 1, 2, 6, 10, 9, 8, 4, 5, 6, 7, 11, 10, 9, 13, 14, 10, 6, 2, 1, 0]
_efdjchbkmignlao : 48 TIME: 74.906s SEQUENCE: [0, 4, 8, 9, 13, 12, 8, 9, 10, 14, 13, 12, 8, 9, 10, 6, 5, 4, 0, 1, 2, 3, 7, 6, 5, 4, 8, 9, 10, 6, 5, 1, 2, 3, 7, 11, 10, 6, 5, 4, 8, 9, 5, 1, 0, 4, 5, 1, 0]
hkidlanbj_ocgfem : 49 TIME: 12.813s SEQUENCE: [9, 5, 1, 2, 3, 7, 11, 10, 6, 5, 1, 2, 3, 7, 6, 10, 14, 13, 12, 8, 4, 5, 9, 13, 12, 8, 4, 0, 1, 5, 9, 10, 14, 15, 11, 10, 6, 5, 9, 13, 14, 10, 11, 7, 6, 10, 9, 8, 4, 0]
_kbjfeclinmghaod : 50 TIME: 46.349s SEQUENCE: [0, 4, 5, 1, 2, 6, 7, 11, 15, 14, 10, 9, 13, 14, 10, 6, 5, 9, 8, 12, 13, 9, 10, 11, 7, 3, 2, 1, 5, 4, 0, 1, 5, 4, 8, 9, 10, 6, 7, 11, 10, 6, 5, 9, 13, 12, 8, 4, 5, 1, 0]
cmigao_lekfjdnhb : 51 TIME: 113.132s SEQUENCE: [6, 5, 9, 10, 6, 5, 9, 13, 14, 10, 11, 15, 14, 10, 6, 7, 11, 10, 6, 5, 1, 0, 4, 8, 12, 13, 9, 5, 4, 8, 9, 10, 6, 2, 1, 5, 6, 7, 3, 2, 6, 10, 14, 13, 9, 8, 12, 13, 9, 5, 1, 0]
542.666